id date age minVel slowVel type count correct incorrect corrected dropped percCorrect latency accuracy accuracyLast accuracyMost
10148 20060424 13.766 4 1 ps 47 31 3 2 13 91.2 314 1.22 1.22 0.91
10148 20060424 13.766 4 4 ps 47 34 3 1 10 91.9 337 1.6 1.6 1.13
10148 20060424 13.766 8 1 ps 43 27 2 2 17 93.1 320 1.43 1.43 1.43
10148 20060424 13.766 8 4 ps 43 29 2 1 15 93.5 338 1.66 1.66 1.55
10148 20070315 14.758 4 1 ps 48 42 0 0 6 100 307 0.92 0.92 0.71
10148 20070315 14.758 4 4 ps 48 44 0 0 4 100 327 1.28 1.28 0.92
10148 20070315 14.758 8 1 ps 41 32 0 0 14 100 307 1 1.04 1
10148 20070315 14.758 8 4 ps 41 33 0 0 13 100 325 1.33 1.36 1.24
10148 20070811 14.800 4 1 ps 48 41 0 0 7 100 318 0.64 0.64 0.61
10148 20070811 14.800 4 4 ps 48 39 0 0 9 100 338 0.82 0.82 0.66
10148 20070811 14.800 8 1 ps 43 38 0 0 9 100 319 0.84 0.84 0.84
10148 20070811 14.800 8 4 ps 43 39 0 0 8 100 335 1.04 1.04 1
10148 20080819 15.800 4 1 ps 48 43 0 0 5 100 345 1.15 1.15 0.96
10148 20080819 15.800 4 4 ps 48 44 0 0 4 100 365 1.26 1.26 1.06
10148 20080819 15.800 8 1 ps 38 38 0 0 8 100 330 1.25 1.24 1.07
10148 20080819 15.800 8 4 ps 38 37 0 0 9 100 350 1.42 1.4 1.23
10148 20090826 16.800 4 1 ps 48 48 0 0 0 100 314 0.95 0.95 0.91
10148 20090826 16.800 4 4 ps 48 46 1 2 1 97.9 334 1.07 1.07 1.03
10148 20090826 16.800 8 1 ps 47 43 0 0 5 100 313 0.98 0.98 0.98
10148 20090826 16.800 8 4 ps 47 41 1 1 6 97.6 333 1.13 1.13 1.13
10148 20120815 19.800 4 1 ps 48 45 1 0 2 97.8 323 1.09 1.09 0.96
10148 20120815 19.800 4 4 ps 48 45 1 2 2 97.8 342 1.23 1.23 1.12
10148 20120815 19.800 8 1 ps 47 39 1 0 8 97.5 318 1.28 1.28 1.15
10148 20120815 19.800 8 4 ps 47 38 2 2 8 95 337 1.34 1.34 1.32
10148 20130810 20.800 4 1 ps 48 37 4 0 7 90.2 302 0.86 0.86 0.78
10148 20130810 20.800 4 4 ps 48 37 4 0 7 90.2 318 0.96 0.96 0.89
10148 20130810 20.800 8 1 ps 45 36 5 1 7 87.8 302 1.03 1.01 0.97
10148 20130810 20.800 8 4 ps 45 34 5 1 9 87.2 318 1.11 1.09 1.09
10156 20060826 13.58 4 1 ps 48 41 0 0 7 100 331 0.79 0.79 0.79
10156 20060826 13.58 4 4 ps 48 44 0 0 4 100 349 1.07 1.07 0.87
10156 20060826 13.58 8 1 ps 48 40 1 1 7 97.6 333 0.98 0.98 0.97
10156 20060826 13.58 8 4 ps 48 41 1 1 6 97.6 351 1.18 1.18 1.07
10156 20070707 14.41 4 1 ps 48 42 2 2 4 95.5 286 0.63 0.63 0.59
10156 20070707 14.41 4 4 ps 48 46 2 2 0 95.8 306 1.03 1.03 0.76
10156 20070707 14.41 8 1 ps 47 38 3 2 7 92.7 286 0.81 0.81 0.69
10156 20070707 14.41 8 4 ps 47 39 3 2 6 92.9 307 1.12 1.12 0.95
10156 20080703 15.41 4 1 ps 42 33 1 1 8 97.1 328 1.05 1.05 1.05
10156 20080703 15.41 4 4 ps 42 33 1 1 8 97.1 345 1.62 1.62 1.44
10156 20080703 15.41 8 1 ps 33 24 1 1 16 96 332 1.11 1.11 1.11
10156 20080703 15.41 8 4 ps 33 24 1 1 16 96 351 2.02 2.02 2.02
10156 20090711 16.41 4 1 ps 48 42 1 1 5 97.7 348 1.02 1.02 0.97
10156 20090711 16.41 4 4 ps 48 42 1 1 5 97.7 370 1.25 1.25 1.04
10156 20090711 16.41 8 1 ps 48 40 2 1 6 95.2 352 1.03 1.03 1.03
10156 20090711 16.41 8 4 ps 48 42 2 2 4 95.5 368 1.33 1.33 1.22
10156 20130112 19.825 4 1 ps 48 34 1 1 13 97.1 326 1.99 1.99 1.96
10156 20130112 19.825 4 4 ps 48 36 1 1 11 97.3 344 2.34 2.34 1.98
10156 20130112 19.825 8 1 ps 48 32 0 0 16 100 321 1.54 1.54 1.35
10156 20130112 19.825 8 4 ps 48 35 0 0 13 100 344 2.01 2.01 1.66
10156 20131012 20.66 4 1 ps 48 31 2 0 15 93.9 292 1.52 1.52 1.17
10156 20131012 20.66 4 4 ps 48 27 4 4 17 87.1 323 1.82 1.82 1.32
10156 20131012 20.66 8 1 ps 46 28 2 0 18 93.3 312 1.67 1.67 1.35
10156 20131012 20.66 8 4 ps 46 26 2 0 20 92.9 333 1.7 1.7 1.31
10184 20051210 11.33 4 1 ps 12 11 0 0 1 100 327 1.48 1.48 1.48
10184 20051210 11.33 4 4 ps 12 11 0 0 1 100 345 1.45 1.45 1.45
10184 20051210 11.33 8 1 ps 12 11 0 0 1 100 327 1.48 1.48 1.48
10184 20051210 11.33 8 4 ps 12 11 0 0 1 100 345 1.45 1.45 1.45
10184 20070526 12.816 4 1 ps 48 25 1 0 22 96.2 374 1.41 1.41 1.36
10184 20070526 12.816 4 4 ps 48 25 1 0 22 96.2 393 1.57 1.57 1.42
10184 20070526 12.816 8 1 ps 46 24 1 0 22 96 356 1.6 1.6 1.6
10184 20070526 12.816 8 4 ps 46 24 1 0 22 96 374 1.66 1.66 1.66
10184 20100925 16.16 4 1 ps 24 16 0 0 10 100 305 1.67 1.67 1.54
10184 20100925 16.16 4 4 ps 24 16 0 0 10 100 325 1.65 1.65 1.49
10184 20100925 16.16 8 1 ps 18 14 0 0 6 100 307 1.55 1.55 1.21
10184 20100925 16.16 8 4 ps 18 14 0 0 6 100 325 1.63 1.63 1.28
10184 20101120 16.25 4 1 ps 58 34 2 1 22 94.4 318 1.36 1.36 1.26
10184 20101120 16.25 4 4 ps 59 40 1 1 18 97.6 340 1.81 1.81 1.54
10184 20101120 16.25 8 1 ps 52 35 1 1 19 97.2 321 1.46 1.38 1.31
10184 20101120 16.25 8 4 ps 52 36 0 0 19 100 342 1.79 2.06 1.61
10184 20120725 18.0 4 1 ps 48 41 0 0 7 100 338 1.06 1.06 0.88
10184 20120725 18.0 4 4 ps 48 42 0 0 6 100 352 1.31 1.31 1.07
10184 20120725 18.0 8 1 ps 45 39 0 0 8 100 338 1.11 1.1 0.97
10184 20120725 18.0 8 4 ps 46 40 0 0 8 100 353 1.31 1.3 1.17
10184 20130918 19.8 4 1 ps 48 43 0 0 5 100 347 1.03 1.03 1
10184 20130918 19.8 4 4 ps 48 44 0 0 4 100 370 1.28 1.28 1.14
10184 20130918 19.8 8 1 ps 43 40 0 0 6 100 340 1.17 1.17 1.06
10184 20130918 19.8 8 4 ps 43 39 0 0 7 100 368 1.41 1.41 1.3
10252 20060504 11.791 4 1 ps 48 35 3 2 10 92.1 340 1.11 1.11 0.66
10252 20060504 11.791 4 4 ps 48 33 4 2 11 89.2 363 1.24 1.24 0.82
10252 20060504 11.791 8 1 ps 46 31 3 2 13 91.2 315 1.19 1.19 1.19
10252 20060504 11.791 8 4 ps 46 31 3 1 13 91.2 336 1.29 1.29 1.29
10252 20070628 12.808 4 1 ps 47 21 6 4 20 77.8 368 1.28 1.28 1.17
10252 20070628 12.808 4 4 ps 47 26 5 7 16 83.9 374 2.15 2.15 1.32
10252 20070628 12.808 8 1 ps 45 25 5 1 16 83.3 405 1.63 1.63 1.57
10252 20070628 12.808 8 4 ps 45 27 5 5 14 84.4 423 1.97 1.97 1.61
10252 20080626 13.808 4 1 ps 47 39 0 0 8 100 319 1.51 1.51 1.36
10252 20080626 13.808 4 4 ps 48 43 0 0 5 100 338 2.15 2.15 1.7
10252 20080626 13.808 8 1 ps 36 31 0 0 11 100 307 1.78 1.78 1.78
10252 20080626 13.808 8 4 ps 36 31 0 0 11 100 328 2.28 2.28 2.28
10252 20090513 14.800 4 1 ps 45 24 1 1 20 96 333 1.58 1.58 0.9
10252 20090513 14.800 4 4 ps 46 30 4 4 12 88.2 357 1.83 1.83 1.18
10252 20090513 14.800 8 1 ps 35 21 2 1 17 91.3 333 2.1 2.04 1.44
10252 20090513 14.800 8 4 ps 36 21 3 2 17 87.5 358 2.16 2.16 1.56
10252 20110209 16.775 4 1 ps 36 23 0 0 13 100 315 1.09 1.09 0.97
10252 20110209 16.775 4 4 ps 36 26 0 0 10 100 345 1.6 1.6 1.1
10252 20110209 16.775 8 1 ps 27 20 0 0 15 100 315 1.43 1.38 1.38
10252 20110209 16.775 8 4 ps 27 19 0 0 15 100 336 1.64 1.56 1.56
10252 20110412 16.791 4 1 ps 47 31 2 2 15 93.9 361 1.3 1.3 1.08
10252 20110412 16.791 4 4 ps 47 35 2 2 11 94.6 381 1.6 1.6 1.2
10252 20110412 16.791 8 1 ps 38 27 1 0 12 96.4 332 1.45 1.4 1.21
10252 20110412 16.791 8 4 ps 38 28 1 0 13 96.6 343 1.48 1.66 1.24
10335 20060828 10.0 4 1 ps 43 33 0 0 11 100 359 0.85 0.85 0.85
10335 20060828 10.0 4 4 ps 43 33 2 1 9 94.3 385 1.27 1.27 1.04
10335 20060828 10.0 8 1 ps 39 26 1 0 13 96.3 358 0.84 0.84 0.81
10335 20060828 10.0 8 4 ps 39 26 2 0 12 92.9 390 1.02 1.02 0.88
10335 20070703 10.816 4 1 ps 47 30 0 0 17 100 298 0.95 0.95 0.52
10335 20070703 10.816 4 4 ps 47 34 0 0 13 100 312 1.09 1.09 0.59
10335 20070703 10.816 8 1 ps 44 31 0 0 15 100 297 1.07 1.07 0.83
10335 20070703 10.816 8 4 ps 44 31 0 0 15 100 314 1.21 1.21 0.99
10335 20081013 12.8 4 1 ps 48 35 1 0 12 97.2 329 1.05 1.05 0.91
10335 20081013 12.8 4 4 ps 48 39 0 0 9 100 346 1.06 1.06 0.89
10335 20081013 12.8 8 1 ps 45 32 1 0 15 97 343 1.04 1.04 0.96
10335 20081013 12.8 8 4 ps 45 35 0 0 13 100 358 1.05 1.06 0.98
10335 20090624 12.816 4 1 ps 48 36 0 0 12 100 280 0.64 0.64 0.6
10335 20090624 12.816 4 4 ps 48 42 1 1 5 97.7 300 0.87 0.87 0.59
10335 20090624 12.816 8 1 ps 45 41 0 0 6 100 286 0.66 0.66 0.63
10335 20090624 12.816 8 4 ps 45 42 0 0 5 100 306 0.84 0.84 0.74
10335 20100424 13.800 4 1 ps 29 11 1 3 19 91.7 279 1.23 1.27 0.58
10335 20100424 13.800 4 4 ps 29 13 0 0 18 100 329 1.35 1.33 0.81
10335 20100424 13.800 8 1 ps 26 12 2 1 15 85.7 331 0.74 0.74 0.55
10335 20100424 13.800 8 4 ps 26 14 1 0 14 93.3 357 0.89 0.89 0.72
10335 20100526 13.808 4 1 ps 48 42 1 0 5 97.7 287 0.91 0.91 0.69
10335 20100526 13.808 4 4 ps 48 47 1 0 0 97.9 305 0.98 0.98 0.75
10335 20100526 13.808 8 1 ps 46 41 1 0 6 97.6 289 0.96 1.24 0.92
10335 20100526 13.808 8 4 ps 46 43 1 0 4 97.7 308 1.03 1.29 0.99
10128 20060706 18.783 4 1 ps 47 12 0 0 35 100 346 1.52 1.52 1.34
10128 20060706 18.783 4 4 ps 47 13 0 0 34 100 359 2.86 2.86 1.47
10128 20060706 18.783 8 1 ps 43 14 2 0 28 87.5 355 2.08 2.08 1.5
10128 20060706 18.783 8 4 ps 44 15 1 0 29 93.8 426 2.23 2.23 1.69
10128 20070808 19.791 4 1 ps 48 34 3 2 11 91.9 370 1.25 1.25 0.93
10128 20070808 19.791 4 4 ps 48 37 3 3 8 92.5 392 1.6 1.6 1.2
10128 20070808 19.791 8 1 ps 47 30 1 2 17 96.8 377 1.17 1.17 1.16
10128 20070808 19.791 8 4 ps 47 31 1 2 16 96.9 392 1.39 1.39 1.29
10128 20080910 20.800 4 1 ps 48 44 1 1 3 97.8 420 0.56 0.56 0.5
10128 20080910 20.800 4 4 ps 48 46 1 1 1 97.9 437 0.93 0.93 0.71
10128 20080910 20.800 8 1 ps 46 44 1 1 3 97.8 417 0.58 0.58 0.47
10128 20080910 20.800 8 4 ps 46 44 1 1 3 97.8 438 0.91 0.91 0.84
10128 20090827 21.800 4 1 ps 48 42 3 1 3 93.3 435 0.72 0.72 0.65
10128 20090827 21.800 4 4 ps 48 41 4 3 3 91.1 460 0.98 0.98 0.75
10128 20090827 21.800 8 1 ps 48 41 4 2 3 91.1 431 0.77 0.77 0.72
10128 20090827 21.800 8 4 ps 48 41 4 3 3 91.1 466 0.83 0.83 0.83
10128 20120418 24.766 4 1 ps 48 46 1 1 1 97.9 417 1.12 1.12 1.07
10128 20120418 24.766 4 4 ps 48 46 1 1 1 97.9 437 1.19 1.19 1.12
10128 20120418 24.766 8 1 ps 47 45 0 0 3 100 421 1.1 1.1 1.1
10128 20120418 24.766 8 4 ps 47 45 0 0 3 100 440 1.15 1.15 1.15
10128 20130522 25.775 4 1 ps 48 43 0 0 5 100 401 1.01 1.01 0.93
10128 20130522 25.775 4 4 ps 48 45 2 3 1 95.7 425 1.17 1.17 1.08
10128 20130522 25.775 8 1 ps 47 41 0 0 7 100 405 0.92 0.92 0.92
10128 20130522 25.775 8 4 ps 47 42 0 0 6 100 422 1.08 1.08 1.07
10311 20060601 20.16 4 1 ps 48 45 0 0 3 100 343 0.63 0.63 0.58
10311 20060601 20.16 4 4 ps 48 46 0 0 2 100 369 0.99 0.99 0.87
10311 20060601 20.16 8 1 ps 45 38 0 0 10 100 344 0.7 0.7 0.7
10311 20060601 20.16 8 4 ps 45 38 0 0 10 100 369 1.03 1.03 1.03
10311 20070517 21.8 4 1 ps 48 47 0 0 1 100 350 1.15 1.15 1.14
10311 20070517 21.8 4 4 ps 48 47 0 0 1 100 369 1.24 1.24 1.23
10311 20070517 21.8 8 1 ps 44 41 0 0 5 100 352 1.18 1.11 0.98
10311 20070517 21.8 8 4 ps 44 41 0 0 5 100 371 1.27 1.19 1.05
10311 20080514 22.8 4 1 ps 48 48 0 0 0 100 340 1.11 1.11 1.06
10311 20080514 22.8 4 4 ps 48 48 0 0 0 100 357 1.18 1.18 1.14
10311 20080514 22.8 8 1 ps 44 43 0 0 3 100 333 1.08 1.08 1.06
10311 20080514 22.8 8 4 ps 44 43 0 0 3 100 350 1.14 1.14 1.1
10311 20090420 23.0 4 1 ps 48 44 1 0 3 97.8 345 0.99 0.99 0.9
10311 20090420 23.0 4 4 ps 48 43 0 0 5 100 367 1.32 1.32 1.22
10311 20090420 23.0 8 1 ps 43 36 1 0 10 97.3 353 1.07 1.07 0.98
10311 20090420 23.0 8 4 ps 43 36 0 0 11 100 371 1.47 1.46 1.37
10311 20100908 24.41 4 1 ps 48 41 0 0 7 100 303 0.7 0.7 0.57
10311 20100908 24.41 4 4 ps 48 43 2 3 3 95.6 326 0.96 0.96 0.79
10311 20100908 24.41 8 1 ps 43 37 0 0 10 100 312 0.79 0.81 0.66
10311 20100908 24.41 8 4 ps 43 36 1 1 9 97.3 329 1.16 1.58 1.01
10311 20121211 26.66 4 1 ps 48 30 1 0 17 96.8 303 1.48 1.48 1.48
10311 20121211 26.66 4 4 ps 48 31 1 0 16 96.9 320 1.43 1.43 1.32
10311 20121211 26.66 8 1 ps 48 27 1 0 20 96.4 299 1.64 1.64 1.54
10311 20121211 26.66 8 4 ps 48 27 2 0 19 93.1 317 1.63 1.63 1.49
10311 20130819 27.33 4 1 ps 48 38 4 4 6 90.5 311 1.14 1.14 1.12
10311 20130819 27.33 4 4 ps 48 40 3 4 5 93 328 1.38 1.38 1.31
10311 20130819 27.33 8 1 ps 46 36 3 2 8 92.3 301 1.15 1.15 1.09
10311 20130819 27.33 8 4 ps 46 37 2 2 8 94.9 324 1.4 1.4 1.35
10316 20060622 19.800 4 1 ps 47 37 0 0 11 100 316 1.03 1.03 1
10316 20060622 19.800 4 4 ps 47 43 0 0 5 100 330 1.32 1.32 1.1
10316 20060622 19.800 8 1 ps 45 36 0 0 12 100 308 1.2 1.19 1.13
10316 20060622 19.800 8 4 ps 45 36 0 0 12 100 328 1.28 1.27 1.22
10316 20070503 20.783 4 1 ps 48 41 0 0 7 100 301 0.97 0.97 0.76
10316 20070503 20.783 4 4 ps 48 42 0 0 6 100 326 1.31 1.31 0.97
10316 20070503 20.783 8 1 ps 46 40 0 0 7 100 314 1.13 1.13 0.94
10316 20070503 20.783 8 4 ps 46 40 0 0 7 100 334 1.4 1.4 1.13
10316 20080605 21.791 4 1 ps 48 43 0 0 5 100 279 0.91 0.91 0.89
10316 20080605 21.791 4 4 ps 48 44 0 0 4 100 300 1.19 1.19 1.02
10316 20080605 21.791 8 1 ps 48 44 1 1 3 97.8 277 1.03 1.03 1.03
10316 20080605 21.791 8 4 ps 48 45 1 1 2 97.8 297 1.19 1.19 1.14
10316 20090514 22.783 4 1 ps 46 37 1 0 10 97.4 318 0.94 0.94 0.84
10316 20090514 22.783 4 4 ps 46 33 0 0 14 100 351 1.43 1.43 1.19
10316 20090514 22.783 8 1 ps 42 32 0 0 14 100 315 1.18 1.18 1.13
10316 20090514 22.783 8 4 ps 42 32 0 0 14 100 340 1.55 1.55 1.45
10316 20100614 23.791 4 1 ps 35 21 0 0 14 100 327 0.71 0.71 0.62
10316 20100614 23.791 4 4 ps 35 24 0 0 11 100 343 1.2 1.2 0.68
10316 20100614 23.791 8 1 ps 30 26 0 0 7 100 323 0.88 0.88 0.88
10316 20100614 23.791 8 4 ps 30 26 0 0 7 100 348 1.14 1.14 1.13
10316 20120711 25.800 4 1 ps 48 46 0 0 2 100 278 0.72 0.72 0.69
10316 20120711 25.800 4 4 ps 48 46 0 0 2 100 298 0.99 0.99 0.87
10316 20120711 25.800 8 1 ps 47 39 0 0 9 100 279 0.86 0.86 0.83
10316 20120711 25.800 8 4 ps 47 38 0 0 10 100 300 0.99 0.99 0.97
10316 20130730 26.808 4 1 ps 48 47 0 0 1 100 270 0.8 0.8 0.79
10316 20130730 26.808 4 4 ps 48 45 0 0 3 100 290 0.9 0.9 0.86
10316 20130730 26.808 8 1 ps 47 46 0 0 2 100 271 0.76 0.76 0.75
10316 20130730 26.808 8 4 ps 47 46 0 0 2 100 288 0.93 0.93 0.92
10359 20061023 20.33 4 1 ps 36 26 0 0 10 100 330 0.84 0.84 0.68
10359 20061023 20.33 4 4 ps 36 27 1 2 8 96.4 367 1 1 0.69
10359 20061023 20.33 8 1 ps 35 23 0 0 13 100 349 0.89 1.14 0.6
10359 20061023 20.33 8 4 ps 35 24 0 0 12 100 378 1.16 1.41 0.71
10359 20070912 21.16 4 1 ps 48 40 0 0 8 100 375 0.93 0.93 0.9
10359 20070912 21.16 4 4 ps 48 45 0 0 3 100 392 1.24 1.24 1.1
10359 20070912 21.16 8 1 ps 47 37 0 0 11 100 366 1.02 1.02 1
10359 20070912 21.16 8 4 ps 47 40 0 0 8 100 383 1.31 1.31 1.31
10359 20090207 22.791 4 1 ps 48 40 0 0 8 100 380 0.72 0.72 0.69
10359 20090207 22.791 4 4 ps 48 40 1 1 7 97.6 407 0.94 0.94 0.81
10359 20090207 22.791 8 1 ps 48 39 0 0 9 100 382 0.75 0.75 0.72
10359 20090207 22.791 8 4 ps 48 39 0 0 9 100 402 0.88 0.88 0.84
10359 20091217 23.41 4 1 ps 48 47 0 0 1 100 358 0.72 0.72 0.72
10359 20091217 23.41 4 4 ps 48 47 0 0 1 100 376 0.81 0.81 0.81
10359 20091217 23.41 8 1 ps 48 42 0 0 6 100 360 0.72 0.72 0.72
10359 20091217 23.41 8 4 ps 48 42 0 0 6 100 376 0.81 0.81 0.81
10359 20101122 24.41 4 1 ps 48 21 0 0 27 100 352 0.55 0.55 0.45
10359 20101122 24.41 4 4 ps 48 23 1 0 24 95.8 389 0.89 0.89 0.78
10359 20101122 24.41 8 1 ps 44 21 1 0 22 95.5 362 0.63 0.63 0.56
10359 20101122 24.41 8 4 ps 44 23 1 0 21 95.8 385 1.02 1 0.97
10359 20121030 26.33 4 1 ps 48 43 0 0 5 100 364 0.64 0.64 0.64
10359 20121030 26.33 4 4 ps 48 44 0 0 4 100 395 0.71 0.71 0.71
10359 20121030 26.33 8 1 ps 48 42 0 0 6 100 384 0.73 0.73 0.72
10359 20121030 26.33 8 4 ps 48 42 0 0 6 100 403 0.81 0.81 0.8
10359 20131001 27.25 4 1 ps 48 46 0 0 2 100 367 1.21 1.21 1.12
10359 20131001 27.25 4 4 ps 48 45 0 0 3 100 391 1.21 1.21 1.17
10359 20131001 27.25 8 1 ps 47 40 1 0 7 97.6 377 1.2 1.26 1.2
10359 20131001 27.25 8 4 ps 47 40 1 0 7 97.6 396 1.27 1.35 1.27
10385 20061114 18.41 4 1 ps 36 36 0 0 0 100 350 0.77 0.77 0.77
10385 20061114 18.41 4 4 ps 36 36 0 0 0 100 368 0.88 0.88 0.88
10385 20061114 18.41 8 1 ps 36 36 0 0 0 100 350 0.77 0.77 0.77
10385 20061114 18.41 8 4 ps 36 36 0 0 0 100 368 0.88 0.88 0.88
10385 20071114 19.41 4 1 ps 48 46 1 1 1 97.9 389 0.62 0.62 0.62
10385 20071114 19.41 4 4 ps 48 47 1 1 0 97.9 407 0.73 0.73 0.72
10385 20071114 19.41 8 1 ps 46 44 0 0 4 100 401 0.63 0.63 0.6
10385 20071114 19.41 8 4 ps 46 45 0 0 3 100 419 0.74 0.74 0.71
10385 20081217 20.50 4 1 ps 48 43 0 0 5 100 385 0.7 0.7 0.7
10385 20081217 20.50 4 4 ps 48 43 1 1 4 97.7 395 1.06 1.06 0.84
10385 20081217 20.50 8 1 ps 46 42 0 0 6 100 390 0.65 0.65 0.65
10385 20081217 20.50 8 4 ps 46 43 0 0 5 100 410 0.88 0.88 0.79
10385 20091125 21.41 4 1 ps 48 46 0 0 2 100 348 1.07 1.07 1.07
10385 20091125 21.41 4 4 ps 48 47 0 0 1 100 365 1.33 1.33 1.33
10385 20091125 21.41 8 1 ps 47 46 0 0 2 100 348 1.07 1.08 1.05
10385 20091125 21.41 8 4 ps 47 47 0 0 1 100 365 1.33 1.34 1.32
10385 20110129 22.791 4 1 ps 48 44 1 2 3 97.8 345 0.78 0.78 0.77
10385 20110129 22.791 4 4 ps 48 44 1 2 3 97.8 362 0.94 0.94 0.91
10385 20110129 22.791 8 1 ps 47 42 1 1 4 97.7 344 0.82 0.82 0.8
10385 20110129 22.791 8 4 ps 47 42 1 1 4 97.7 361 0.97 0.97 0.94
10385 20120414 23.816 4 1 ps 48 48 0 0 0 100 324 0.37 0.37 0.37
10385 20120414 23.816 4 4 ps 48 48 0 0 0 100 345 0.74 0.74 0.74
10385 20120414 23.816 8 1 ps 47 45 0 0 3 100 323 0.36 0.36 0.34
10385 20120414 23.816 8 4 ps 47 45 0 0 3 100 341 0.74 0.74 0.73
10385 20130323 24.808 4 1 ps 48 48 0 0 0 100 345 1.49 1.49 1.49
10385 20130323 24.808 4 4 ps 48 48 0 0 0 100 359 1.53 1.53 1.52
10385 20130323 24.808 8 1 ps 48 48 0 0 0 100 345 1.49 1.49 1.38
10385 20130323 24.808 8 4 ps 48 48 0 0 0 100 359 1.53 1.53 1.39
