id date age minVel slowVel type count correct incorrect corrected dropped percCorrect latency accuracy accuracyLast accuracyMost
10148 20060424 13.766 4 1 as 48 18 24 31 6 42.9 417 1.21 1.21 1.16
10148 20060424 13.766 4 4 as 48 12 29 35 7 29.3 492 1.51 1.51 1.47
10148 20060424 13.766 8 1 as 48 29 11 15 8 72.5 493 1.3 1.3 1.3
10148 20060424 13.766 8 4 as 48 25 15 19 8 62.5 547 1.49 1.49 1.49
10148 20070315 14.758 4 1 as 48 32 14 14 2 69.6 425 1.6 1.6 1.21
10148 20070315 14.758 4 4 as 48 29 19 21 0 60.4 468 1.67 1.67 1.13
10148 20070315 14.758 8 1 as 48 37 10 9 1 78.7 448 1.64 1.64 1.56
10148 20070315 14.758 8 4 as 48 33 14 14 1 70.2 479 1.61 1.61 1.5
10148 20070811 14.800 4 1 as 48 39 4 5 5 90.7 400 1.32 1.32 0.93
10148 20070811 14.800 4 4 as 48 38 8 12 2 82.6 452 1.48 1.48 1
10148 20070811 14.800 8 1 as 46 41 1 1 6 97.6 422 1.37 1.37 1.17
10148 20070811 14.800 8 4 as 46 41 3 4 4 93.2 461 1.6 1.49 1.24
10148 20080819 15.800 4 1 as 48 37 7 11 4 84.1 422 1.39 1.39 0.98
10148 20080819 15.800 4 4 as 48 35 9 13 4 79.5 449 1.65 1.65 1.02
10148 20080819 15.800 8 1 as 47 39 5 7 4 88.6 429 1.54 1.54 1.47
10148 20080819 15.800 8 4 as 47 38 6 8 4 86.4 447 1.71 1.71 1.56
10148 20090826 16.800 4 1 as 48 39 2 2 7 95.1 400 1.28 1.28 0.94
10148 20090826 16.800 4 4 as 48 43 3 3 2 93.5 425 1.57 1.57 0.99
10148 20090826 16.800 8 1 as 48 42 2 2 4 95.5 408 1.26 1.26 1.08
10148 20090826 16.800 8 4 as 48 45 2 2 1 95.7 429 1.46 1.46 1.12
10148 20120815 19.800 4 1 as 48 43 3 3 2 93.5 401 1.41 1.41 1.15
10148 20120815 19.800 4 4 as 48 41 3 4 4 93.2 419 1.58 1.58 1.34
10148 20120815 19.800 8 1 as 48 43 3 4 2 93.5 401 1.43 1.43 1.41
10148 20120815 19.800 8 4 as 48 41 3 3 4 93.2 417 1.54 1.54 1.51
10148 20130810 20.800 4 1 as 48 40 3 1 5 93 399 1.53 1.53 1.13
10148 20130810 20.800 4 4 as 48 38 5 5 5 88.4 420 1.77 1.77 1.25
10148 20130810 20.800 8 1 as 47 42 3 2 3 93.3 400 1.7 1.7 1.34
10148 20130810 20.800 8 4 as 47 41 5 4 2 89.1 422 1.91 1.91 1.48
10156 20060826 13.58 4 1 as 48 26 16 18 6 61.9 467 1.61 1.61 1.55
10156 20060826 13.58 4 4 as 48 26 17 21 5 60.5 490 2.08 2.08 1.56
10156 20060826 13.58 8 1 as 48 35 12 13 1 74.5 481 2.05 2.05 2.02
10156 20060826 13.58 8 4 as 48 32 13 14 3 71.1 494 2.22 2.22 2.05
10156 20070707 14.41 4 1 as 48 19 29 34 0 39.6 445 1.87 1.87 1.39
10156 20070707 14.41 4 4 as 48 13 33 40 2 28.3 508 1.98 1.98 1.64
10156 20070707 14.41 8 1 as 48 23 25 28 0 47.9 464 2.15 2.15 1.86
10156 20070707 14.41 8 4 as 48 18 28 31 2 39.1 512 2.35 2.35 2.19
10156 20080703 15.41 4 1 as 39 21 8 10 10 72.4 456 1.08 1.08 1.08
10156 20080703 15.41 4 4 as 39 19 9 11 11 67.9 481 1.69 1.69 1.51
10156 20080703 15.41 8 1 as 38 27 2 2 9 93.1 465 1.11 1.11 1.11
10156 20080703 15.41 8 4 as 38 26 3 3 9 89.7 491 1.59 1.59 1.45
10156 20090711 16.41 4 1 as 48 32 11 12 5 74.4 478 1.35 1.35 1.14
10156 20090711 16.41 4 4 as 48 33 13 15 2 71.7 507 1.56 1.56 1.12
10156 20090711 16.41 8 1 as 48 38 8 9 2 82.6 500 1.36 1.36 1.36
10156 20090711 16.41 8 4 as 48 37 9 11 2 80.4 524 1.5 1.5 1.39
10156 20130112 19.825 4 1 as 48 40 4 5 4 90.9 452 2.43 2.43 2.25
10156 20130112 19.825 4 4 as 48 38 6 8 4 86.4 482 2.67 2.67 2.43
10156 20130112 19.825 8 1 as 47 39 3 4 6 92.9 463 2.44 2.44 2.42
10156 20130112 19.825 8 4 as 47 38 4 5 6 90.5 489 2.61 2.61 2.57
10156 20131012 20.66 4 1 as 48 23 9 7 16 71.9 394 1.33 1.33 1.03
10156 20131012 20.66 4 4 as 48 24 11 10 13 68.6 456 1.83 1.83 1.32
10156 20131012 20.66 8 1 as 44 28 5 4 12 84.8 441 1.5 1.54 1.24
10156 20131012 20.66 8 4 as 44 29 6 4 10 82.9 459 1.74 1.77 1.3
10184 20051210 11.33 4 1 as 12 6 4 5 2 60 386 1.8 1.8 1.52
10184 20051210 11.33 4 4 as 12 3 8 11 1 27.3 494 1.73 1.73 1.73
10184 20051210 11.33 8 1 as 12 7 4 5 1 63.6 379 1.95 1.95 1.95
10184 20051210 11.33 8 4 as 12 4 7 8 1 36.4 504 1.53 1.53 1.53
10184 20070526 12.816 4 1 as 47 21 13 16 14 61.8 499 1.74 1.74 1.03
10184 20070526 12.816 4 4 as 47 17 15 19 16 53.1 537 1.9 1.9 1.24
10184 20070526 12.816 8 1 as 46 21 13 12 14 61.8 531 1.73 1.73 1.25
10184 20070526 12.816 8 4 as 46 19 15 15 14 55.9 566 1.99 1.99 1.71
10184 20100925 16.16 4 1 as 10 2 5 5 5 28.6 375 0.8 0.8 0.8
10184 20100925 16.16 4 4 as 10 2 5 5 5 28.6 384 1.03 1.03 1.03
10184 20100925 16.16 8 1 as 6 2 4 4 2 33.3 375 0.8 0.8 0.8
10184 20100925 16.16 8 4 as 6 2 4 4 2 33.3 384 1.03 1.03 1.03
10184 20101120 16.25 4 1 as 59 19 18 23 23 51.4 477 1.71 1.75 1.43
10184 20101120 16.25 4 4 as 59 15 25 36 20 37.5 557 2.31 2.34 1.7
10184 20101120 16.25 8 1 as 54 25 11 12 21 69.4 491 1.61 1.61 1.36
10184 20101120 16.25 8 4 as 54 18 18 19 21 50 569 2.09 2.09 1.44
10184 20120725 18.0 4 1 as 48 40 4 5 4 90.9 475 1.47 1.47 0.92
10184 20120725 18.0 4 4 as 48 36 5 8 7 87.8 500 1.58 1.58 0.95
10184 20120725 18.0 8 1 as 48 43 2 2 3 95.6 491 1.47 1.47 1.2
10184 20120725 18.0 8 4 as 48 44 3 4 1 93.6 513 1.72 1.72 1.3
10184 20130918 19.8 4 1 as 48 32 10 10 6 76.2 455 1.46 1.46 1.22
10184 20130918 19.8 4 4 as 48 34 11 12 3 75.6 462 1.86 1.86 1.27
10184 20130918 19.8 8 1 as 47 33 9 9 6 78.6 436 1.59 1.57 1.26
10184 20130918 19.8 8 4 as 47 32 10 10 6 76.2 457 1.94 2.03 1.42
10252 20060504 11.791 4 1 as 37 16 20 21 1 44.4 424 2.37 2.37 1.99
10252 20060504 11.791 4 4 as 37 15 21 25 1 41.7 448 2.41 2.41 1.68
10252 20060504 11.791 8 1 as 36 19 16 15 1 54.3 475 2.02 2.02 1.63
10252 20060504 11.791 8 4 as 36 18 17 17 1 51.4 500 2.03 2.03 1.47
10252 20070628 12.808 4 1 as 48 24 12 9 12 66.7 449 1.97 1.97 1.97
10252 20070628 12.808 4 4 as 48 16 16 16 16 50 495 2.85 2.85 2.64
10252 20070628 12.808 8 1 as 47 26 13 8 9 66.7 479 2.14 2.14 1.89
10252 20070628 12.808 8 4 as 47 21 15 15 12 58.3 520 2.71 2.71 2.22
10252 20080626 13.808 4 1 as 48 22 18 18 8 55 411 1.98 1.98 1.88
10252 20080626 13.808 4 4 as 48 18 22 23 8 45 488 2.31 2.31 2.11
10252 20080626 13.808 8 1 as 47 30 10 10 9 75 462 2.18 2.18 2
10252 20080626 13.808 8 4 as 47 26 14 14 9 65 502 2.37 2.37 2.18
10252 20090513 14.800 4 1 as 45 17 19 16 10 47.2 458 2.26 2.26 2.2
10252 20090513 14.800 4 4 as 45 15 22 25 9 40.5 506 2.55 2.55 2.47
10252 20090513 14.800 8 1 as 44 21 13 12 12 61.8 487 2.49 2.49 2.21
10252 20090513 14.800 8 4 as 44 20 15 16 11 57.1 523 2.6 2.6 2.11
10252 20110209 16.775 4 1 as 32 12 12 12 8 50 425 1.44 1.44 1.44
10252 20110209 16.775 4 4 as 32 12 13 14 7 48 456 1.82 1.82 1.67
10252 20110209 16.775 8 1 as 30 18 8 8 5 69.2 477 2.1 2.1 1.92
10252 20110209 16.775 8 4 as 30 19 9 9 3 67.9 535 1.95 1.95 1.85
10252 20110412 16.791 4 1 as 48 24 7 4 17 77.4 390 2.13 2.13 2.09
10252 20110412 16.791 4 4 as 48 17 21 21 10 44.7 449 2.11 2.11 2.07
10252 20110412 16.791 8 1 as 46 27 6 3 15 81.8 401 2.27 2.27 2.22
10252 20110412 16.791 8 4 as 46 22 14 11 12 61.1 443 2.4 2.4 2.34
10335 20060828 10.0 4 1 as 48 12 33 23 3 26.7 471 1.59 1.59 1.59
10335 20060828 10.0 4 4 as 48 10 38 28 0 20.8 488 1.82 1.82 1.82
10335 20060828 10.0 8 1 as 47 18 26 15 4 40.9 540 2.64 2.64 2.34
10335 20060828 10.0 8 4 as 47 16 29 20 3 35.6 564 2.56 2.56 2.44
10335 20070703 10.816 4 1 as 48 17 21 24 10 44.7 362 2.77 2.77 2.77
10335 20070703 10.816 4 4 as 48 12 29 37 7 29.3 432 2.57 2.57 2.44
10335 20070703 10.816 8 1 as 48 20 19 17 9 51.3 375 2.85 2.85 2.65
10335 20070703 10.816 8 4 as 48 15 25 26 8 37.5 439 2.51 2.51 2.38
10335 20081013 12.8 4 1 as 48 18 21 22 9 46.2 366 2.41 2.41 2.41
10335 20081013 12.8 4 4 as 48 12 30 35 6 28.6 435 2.77 2.77 2.77
10335 20081013 12.8 8 1 as 46 23 18 16 7 56.1 414 2.76 2.76 2.73
10335 20081013 12.8 8 4 as 46 17 27 26 4 38.6 491 2.75 2.75 2.75
10335 20090624 12.816 4 1 as 48 17 27 32 4 38.6 398 1.87 1.87 1.87
10335 20090624 12.816 4 4 as 48 14 30 35 4 31.8 437 1.61 1.61 1.38
10335 20090624 12.816 8 1 as 48 23 23 24 2 50 414 2.33 2.33 2.33
10335 20090624 12.816 8 4 as 48 18 28 29 2 39.1 451 2.16 2.16 2.08
10335 20100424 13.800 4 1 as 22 6 4 4 14 60 417 1.08 1.08 1.08
10335 20100424 13.800 4 4 as 22 5 7 10 11 41.7 403 2.3 2.3 1.7
10335 20100424 13.800 8 1 as 19 8 4 5 10 66.7 436 2.03 2.12 1.43
10335 20100424 13.800 8 4 as 19 7 6 8 9 53.8 479 2.27 2.27 1.41
10335 20100526 13.808 4 1 as 47 23 22 24 2 51.1 364 2.44 2.44 2.07
10335 20100526 13.808 4 4 as 47 15 28 36 4 34.9 406 2.45 2.45 2.2
10335 20100526 13.808 8 1 as 47 28 18 17 2 60.9 382 2.65 2.65 2.29
10335 20100526 13.808 8 4 as 47 20 24 25 4 45.5 425 2.73 2.73 2.52
10128 20060706 18.783 4 1 as 47 13 5 4 29 72.2 574 2.18 2.18 1.72
10128 20060706 18.783 4 4 as 47 15 4 4 28 78.9 565 2.21 2.21 1.78
10128 20060706 18.783 8 1 as 46 16 4 2 26 80 586 1.88 1.88 1.61
10128 20060706 18.783 8 4 as 46 16 4 2 26 80 608 1.81 1.81 1.6
10128 20070808 19.791 4 1 as 48 31 8 11 9 79.5 485 1.34 1.34 1.15
10128 20070808 19.791 4 4 as 48 29 12 16 7 70.7 513 1.62 1.62 1.27
10128 20070808 19.791 8 1 as 43 32 3 3 12 91.4 506 1.68 1.68 1.58
10128 20070808 19.791 8 4 as 44 29 6 7 13 82.9 530 1.77 1.77 1.67
10128 20080910 20.800 4 1 as 48 37 4 4 7 90.2 505 1.86 1.86 1.78
10128 20080910 20.800 4 4 as 48 38 5 6 5 88.4 527 1.83 1.83 1.66
10128 20080910 20.800 8 1 as 47 43 2 2 3 95.6 502 1.87 1.87 1.8
10128 20080910 20.800 8 4 as 47 41 3 3 4 93.2 527 1.86 1.86 1.77
10128 20090827 21.800 4 1 as 48 38 4 4 6 90.5 527 1.74 1.74 1.28
10128 20090827 21.800 4 4 as 48 33 6 7 9 84.6 550 1.85 1.85 1.34
10128 20090827 21.800 8 1 as 47 36 3 1 9 92.3 528 1.49 1.49 1.23
10128 20090827 21.800 8 4 as 47 35 5 4 8 87.5 562 1.6 1.6 1.35
10128 20120418 24.766 4 1 as 48 40 1 2 7 97.6 522 1.78 1.78 1.26
10128 20120418 24.766 4 4 as 48 40 1 2 7 97.6 538 1.96 1.96 1.37
10128 20120418 24.766 8 1 as 46 41 0 0 7 100 522 1.76 1.72 1.41
10128 20120418 24.766 8 4 as 46 42 0 0 6 100 540 1.95 1.91 1.53
10128 20130522 25.775 4 1 as 48 41 6 6 1 87.2 476 1.42 1.42 1.12
10128 20130522 25.775 4 4 as 48 38 8 10 2 82.6 504 1.39 1.39 1.15
10128 20130522 25.775 8 1 as 46 41 3 3 4 93.2 475 1.36 1.38 1.1
10128 20130522 25.775 8 4 as 46 38 5 6 5 88.4 506 1.31 1.33 1.1
10311 20060601 20.16 4 1 as 47 39 8 10 1 83 422 2.21 2.21 2.21
10311 20060601 20.16 4 4 as 47 37 9 11 2 80.4 445 2.26 2.26 2.26
10311 20060601 20.16 8 1 as 47 40 7 7 1 85.1 428 2.32 2.32 2.22
10311 20060601 20.16 8 4 as 47 39 8 8 1 83 451 2.36 2.36 2.34
10311 20070517 21.8 4 1 as 46 27 7 7 12 79.4 462 2.51 2.51 2.19
10311 20070517 21.8 4 4 as 46 27 9 9 10 75 496 2.47 2.47 1.94
10311 20070517 21.8 8 1 as 45 27 4 3 15 87.1 464 2.48 2.35 2.22
10311 20070517 21.8 8 4 as 45 25 6 5 15 80.6 493 2.25 2.2 2.01
10311 20080514 22.8 4 1 as 48 40 6 6 2 87 421 1.8 1.8 1.68
10311 20080514 22.8 4 4 as 48 40 8 9 0 83.3 444 1.93 1.93 1.72
10311 20080514 22.8 8 1 as 48 44 4 4 1 91.7 430 1.89 1.89 1.8
10311 20080514 22.8 8 4 as 48 42 6 6 1 87.5 452 1.9 1.9 1.8
10311 20090420 23.0 4 1 as 48 38 5 7 5 88.4 425 1.46 1.46 1.34
10311 20090420 23.0 4 4 as 48 31 9 11 8 77.5 466 1.58 1.58 1.37
10311 20090420 23.0 8 1 as 48 42 4 5 2 91.3 441 1.47 1.47 1.29
10311 20090420 23.0 8 4 as 48 38 6 7 4 86.4 472 1.67 1.67 1.45
10311 20100908 24.41 4 1 as 48 36 4 6 8 90 390 1.87 1.87 1.7
10311 20100908 24.41 4 4 as 48 34 8 14 6 81 417 1.84 1.84 1.56
10311 20100908 24.41 8 1 as 48 40 3 4 5 93 403 1.99 1.99 1.66
10311 20100908 24.41 8 4 as 48 39 5 6 4 88.6 428 2.18 2.18 1.69
10311 20121211 26.66 4 1 as 48 34 4 3 10 89.5 392 1.86 1.86 1.86
10311 20121211 26.66 4 4 as 48 34 5 6 9 87.2 422 1.9 1.9 1.9
10311 20121211 26.66 8 1 as 48 34 5 3 9 87.2 399 1.83 1.83 1.83
10311 20121211 26.66 8 4 as 48 33 7 5 8 82.5 424 1.93 1.93 1.93
10311 20130819 27.33 4 1 as 48 40 4 5 4 90.9 440 1.95 1.95 1.74
10311 20130819 27.33 4 4 as 48 38 5 6 5 88.4 463 2.18 2.18 1.97
10311 20130819 27.33 8 1 as 47 42 2 3 4 95.5 434 2.16 2.16 1.85
10311 20130819 27.33 8 4 as 47 40 3 4 5 93 453 2.27 2.27 1.96
10316 20060622 19.800 4 1 as 48 23 13 16 12 63.9 398 1.92 1.92 0.95
10316 20060622 19.800 4 4 as 48 24 15 20 9 61.5 408 2.36 2.36 1.21
10316 20060622 19.800 8 1 as 47 27 8 9 13 77.1 399 1.76 1.58 1.28
10316 20060622 19.800 8 4 as 47 26 10 13 12 72.2 421 2.17 1.97 1.42
10316 20070503 20.783 4 1 as 48 20 16 19 12 55.6 399 2.09 2.09 1.52
10316 20070503 20.783 4 4 as 48 22 18 27 8 55 433 2.8 2.8 1.81
10316 20070503 20.783 8 1 as 47 27 10 10 11 73 420 2.21 2.21 2.09
10316 20070503 20.783 8 4 as 47 26 11 12 11 70.3 449 2.66 2.66 2.17
10316 20080605 21.791 4 1 as 48 33 6 7 9 84.6 346 2.57 2.57 1.69
10316 20080605 21.791 4 4 as 48 29 10 13 9 74.4 372 2.95 2.95 1.91
10316 20080605 21.791 8 1 as 46 30 6 6 12 83.3 353 2.33 2.33 2.04
10316 20080605 21.791 8 4 as 46 26 10 10 12 72.2 379 2.76 2.76 2.25
10316 20090514 22.783 4 1 as 46 22 12 15 13 64.7 454 2.39 2.39 1.91
10316 20090514 22.783 4 4 as 46 18 18 23 11 50 515 2.62 2.62 2
10316 20090514 22.783 8 1 as 42 21 10 10 15 67.7 452 2.01 2.55 1.38
10316 20090514 22.783 8 4 as 42 19 12 12 15 61.3 511 2.17 2.66 1.38
10316 20100614 23.791 4 1 as 35 11 18 22 7 37.9 418 1.49 1.49 1.23
10316 20100614 23.791 4 4 as 35 11 21 27 4 34.4 458 2.36 2.36 1.61
10316 20100614 23.791 8 1 as 30 14 13 15 8 51.9 461 1.84 1.99 1.67
10316 20100614 23.791 8 4 as 30 11 16 18 8 40.7 512 2.31 2.49 2.11
10316 20120711 25.800 4 1 as 48 30 14 18 4 68.2 369 3.05 3.05 2.3
10316 20120711 25.800 4 4 as 48 26 19 27 3 57.8 410 3.6 3.6 2.6
10316 20120711 25.800 8 1 as 44 27 10 9 11 73 407 2.74 2.74 2.31
10316 20120711 25.800 8 4 as 44 25 12 11 11 67.6 438 3.04 3.04 2.46
10316 20130730 26.808 4 1 as 48 31 15 22 2 67.4 362 1.79 1.79 1.35
10316 20130730 26.808 4 4 as 48 25 17 27 6 59.5 375 2.16 2.16 1.54
10316 20130730 26.808 8 1 as 44 28 13 13 7 68.3 376 1.67 1.55 1.37
10316 20130730 26.808 8 4 as 44 23 15 16 10 60.5 401 2.03 1.86 1.43
10359 20061023 20.33 4 1 as 36 16 11 17 9 59.3 584 1.29 1.29 0.85
10359 20061023 20.33 4 4 as 36 17 12 21 7 58.6 592 1.45 1.45 1.03
10359 20061023 20.33 8 1 as 36 18 10 15 8 64.3 579 1.4 1.4 1.28
10359 20061023 20.33 8 4 as 36 19 10 15 7 65.5 588 1.58 1.58 1.4
10359 20070912 21.16 4 1 as 48 39 4 9 5 90.7 538 1.1 1.1 0.86
10359 20070912 21.16 4 4 as 48 35 6 11 7 85.4 559 1.42 1.42 1.01
10359 20070912 21.16 8 1 as 47 41 2 3 5 95.3 544 1.19 1.19 1.17
10359 20070912 21.16 8 4 as 47 39 4 5 5 90.7 561 1.51 1.51 1.37
10359 20090207 22.791 4 1 as 48 34 3 2 11 91.9 496 1.63 1.63 1.26
10359 20090207 22.791 4 4 as 48 34 3 3 11 91.9 522 2.36 2.36 1.4
10359 20090207 22.791 8 1 as 48 36 3 2 9 92.3 515 1.78 1.78 1.64
10359 20090207 22.791 8 4 as 48 37 3 2 8 92.5 585 1.84 1.84 1.74
10359 20091217 23.41 4 1 as 48 38 1 1 9 97.4 486 1.7 1.7 1.43
10359 20091217 23.41 4 4 as 48 39 1 2 8 97.5 495 1.73 1.73 1.31
10359 20091217 23.41 8 1 as 48 46 0 0 2 100 490 1.85 1.85 1.76
10359 20091217 23.41 8 4 as 48 46 0 0 2 100 513 1.83 1.83 1.76
10359 20101122 24.41 4 1 as 43 25 1 0 17 96.2 466 1.83 1.83 1.31
10359 20101122 24.41 4 4 as 43 23 1 0 19 95.8 499 1.66 1.66 1.05
10359 20101122 24.41 8 1 as 40 27 1 0 13 96.4 458 1.57 1.57 1.51
10359 20101122 24.41 8 4 as 40 24 3 2 14 88.9 501 1.47 1.47 1.4
10359 20121030 26.33 4 1 as 48 32 4 4 12 88.9 480 1.3 1.3 1.26
10359 20121030 26.33 4 4 as 48 30 4 5 14 88.2 511 1.42 1.42 1.08
10359 20121030 26.33 8 1 as 48 34 2 2 12 94.4 506 1.33 1.33 1.33
10359 20121030 26.33 8 4 as 48 32 3 3 13 91.4 547 1.4 1.4 1.29
10359 20131001 27.25 4 1 as 48 45 0 0 3 100 479 1.52 1.52 1.41
10359 20131001 27.25 4 4 as 48 37 0 0 11 100 508 1.58 1.58 1.4
10359 20131001 27.25 8 1 as 48 42 1 1 5 97.7 487 1.59 1.59 1.55
10359 20131001 27.25 8 4 as 48 42 1 1 5 97.7 527 1.63 1.63 1.59
10385 20061114 18.41 4 1 as 36 25 8 10 3 75.8 512 1.87 1.87 1.6
10385 20061114 18.41 4 4 as 36 25 8 11 3 75.8 530 2.08 2.08 1.72
10385 20061114 18.41 8 1 as 34 17 8 10 10 68 531 1.51 1.34 1.34
10385 20061114 18.41 8 4 as 34 18 8 10 9 69.2 539 1.81 1.65 1.53
10385 20071114 19.41 4 1 as 48 34 10 11 4 77.3 472 1.68 1.68 0.95
10385 20071114 19.41 4 4 as 48 36 11 14 1 76.6 487 2.24 2.24 1.25
10385 20071114 19.41 8 1 as 45 36 8 8 4 81.8 494 1.69 1.69 1.23
10385 20071114 19.41 8 4 as 45 36 9 9 3 80 514 2.13 2.13 1.58
10385 20081217 20.50 4 1 as 48 32 4 4 12 88.9 451 1.58 1.58 1.38
10385 20081217 20.50 4 4 as 48 36 4 5 8 90 464 2 2 1.42
10385 20081217 20.50 8 1 as 46 32 3 3 13 91.4 445 1.67 1.67 1.67
10385 20081217 20.50 8 4 as 46 32 3 4 13 91.4 468 1.88 1.88 1.75
10385 20091125 21.41 4 1 as 48 40 3 4 5 93 422 1.52 1.52 1.35
10385 20091125 21.41 4 4 as 48 36 3 4 9 92.3 438 1.95 1.95 1.6
10385 20091125 21.41 8 1 as 48 43 3 3 2 93.5 434 1.58 1.58 1.52
10385 20091125 21.41 8 4 as 48 41 3 3 4 93.2 454 1.85 1.85 1.64
10385 20110129 22.791 4 1 as 48 41 4 5 3 91.1 443 1.45 1.45 1.23
10385 20110129 22.791 4 4 as 48 40 4 5 4 90.9 461 1.73 1.73 1.15
10385 20110129 22.791 8 1 as 48 40 3 3 5 93 442 1.5 1.5 1.34
10385 20110129 22.791 8 4 as 48 40 3 3 5 93 464 1.67 1.67 1.29
10385 20120414 23.816 4 1 as 48 36 5 8 7 87.8 427 1.28 1.28 1.19
10385 20120414 23.816 4 4 as 48 34 7 11 7 82.9 449 1.67 1.67 1.25
10385 20120414 23.816 8 1 as 46 40 3 5 5 93 434 1.41 1.4 1.29
10385 20120414 23.816 8 4 as 46 37 4 6 7 90.2 465 1.77 1.76 1.46
10385 20130323 24.808 4 1 as 48 43 1 1 4 97.7 432 1.63 1.63 1.34
10385 20130323 24.808 4 4 as 48 44 2 2 2 95.7 449 1.93 1.93 1.47
10385 20130323 24.808 8 1 as 47 43 1 1 4 97.7 444 1.61 1.61 1.39
10385 20130323 24.808 8 4 as 47 43 2 2 3 95.6 465 1.81 1.81 1.6
